-0.0000000951765727
-0.0000001674428858
 0.0000020637618516
 0.0000037346551755
-0.0000213150268122
-0.0000413404322768
 0.0001405411497166
 0.0003022595818445
-0.0006381313431115
-0.0016628637021860
 0.0024333732129107
 0.0067641854487565
-0.0091642311634348
-0.0197617789446276
 0.0326835742705106
 0.0412892087544753
-0.1055742087143175
-0.0620359639693546
 0.4379916262173834
 0.7742896037334738
 0.4215662067346898
-0.0520431631816557
-0.0919200105692549
 0.0281680289738655
 0.0234081567882734
-0.0101311175209033
-0.0041593587818186
 0.0021782363583355
 0.0003585896879330
-0.0002120808398259
